1 9
10 1
999998 999999
10 10
766464 766465
15081 15081
115183 115184
658730 658730
560633 560632
427823 427822
713152 713152
764107 764107
596057 596057
677332 677332
155736 155736
64412 64413
307862 307862
821766 821765
150972 150972
52279 52286
567935 567937
368359 368350
636939 636932
374294 374294
262799 262798
964763 964757
526357 526355
279375 279380
878117 878118
486742 486746
75662 75661
275479 275475
378836 378839
730979 730981
837289 837289
997850 997813
946509 946490
84356 84362
514767 514738
611242 611241
85593 85595
650168 650143
566500 566520
649275 649272
872382 872375
915204 915227
348022 348016
113402 113419
631240 631240
634121 634116
491334 491312
275992 275987
859013 858957
265199 265225
12970 13016
236006 235987
960822 960814
939673 939600
473195 473220
274438 274439
579629 579630
209972 209983
615742 615739
376192 376182
516048 516313
810405 810619
613625 613662
712983 712996
386947 386905
664283 664157
902962 902978
795801 795600
62573 62578
291484 291490
18620 18635
122387 122252
575530 575384
167183 167134
571892 571893
710475 711370
823158 823961
667180 667561
562075 561972
143082 143078
44361 44445
236122 236110
52272 52862
6336 6610
881692 881051
938493 938835
709408 709348
217001 217042
214099 214128
494493 494394
445610 446815
182291 182945
51860 52547
762437 763810
220098 217430
494140 495636
122550 124483
434490 434321
639015 634831
918628 918649
873591 877265
489214 489126
150735 151287
889849 891178
755312 755828
732080 729302
586437 582426
786741 781779
250301 246893
18241 18403
152412 154076
496828 495741
838487 837582
742677 749431
254606 255661
358714 356267
402084 404040
64457 66491
741959 743037
317918 313323
213690 200200
588913 578144
646380 673255
229146 229178
204244 199854
332561 331636
458044 470922
595865 595301
153363 152739
327493 339421
737779 739548
56937 37346
363292 368253
932883 933219
912957 909021
964277 906441
532803 517082
277684 301912
233942 219268
739122 710835
571229 533276
125164 56462
384652 377515
199862 194896
691921 688602
19164 21298
173432 182668
836411 847523
69387 77126
216961 198529
